
W =

   -0.0577   -0.1155


R =

    0.7218   -0.3609
   -0.3609    0.7204


h =

   -0.0236
   -0.0771


c =

    1.4020


eigenR =

    0.3602
    1.0820


maxAlpha =

    0.9242


xStar =

   -0.1149
   -0.1646

